2.5116270227280135
1.8257706851916509
1.659631572372283
2.0962792406795945
2.4370774208218866
1.8342906396952081
1.184644108798964
1.2826235855898727
1.493492459552916
1.320963380855881
1.636201697487501
1.2187239268131933
1.3316133239853274
1.4721925732940224
1.0312849277349325
0.40506827172347126
0.4881378281331552
0.6414970091971867
0.7224365769809806
1.0483248367420472
0.8523658831602292
0.9567353258288059
1.1590842452882921
0.8694057921673438
1.1037045410151702
0.903485610181573
0.8694057921673438
0.8757957580450121
0.7586463836210989
0.32412870393967735
0.7437364632398743
0.637237031945408
0.3752484309610212
0.15372961386853132
0.10686986409896615
0.6840967817149732
0.6393670205712971
0.9247854964404668
0.7011366907220878
0.6734468385855259
0.539257555154499
1.295403517345209
0.7927262016353281
0.7309565314845379
0.6521469523266331
0.5584274527875027
0.6138071570606252
0.3922883399681358
0.5456475210321667
0.44979803286714737
0.5009177598884912
0.5605574414133923
0.5222176461473844
0.6031572139311788
0.5286076120250521
0.454058010118926
0.16224956837208862
0.4753578963778193
0.33264865844323466
0.31986872668789873
0.4284981466082541
0.5967672480535106
0.20484934088987514
0.29004888592544814
0.41784820347880725
0.12177978448019167
0.42423816935647546
0.32412870393967735
0.3837683854645785
0.3134787608102305
0.12603976173197032
0.06427009158117963
0.30069882905489453
0.10686986409896615
-0.13594883925241652
0.004630410056278511
0.20271935226398557
-0.06991919184984766
-0.2168884070362109
-0.41284736061802885
-0.3830275198555783
-0.45331714450992583
-0.43414724687692213
-0.7749454270192138
-0.809025245033443
-0.8452350516735617
-0.655666063969412
-0.5406466781713885
-0.16576868001486708
-0.016669476202614747
-0.2168884070362109
0.05788012570351189
-0.13168886200063787
0.15159962524264176
0.3922883399681358
0.23040920440054705
0.3049588063066732
0.3837683854645785
0.21549928401932153
0.454058010118926
0.39441832859402487
0.6713168499596368
0.6691868613337477
0.679836804463194
0.7032666793479769
0.7671663381246562
0.7863362357576609
0.40719826034936085
0.5499074982839455
0.539257555154499
0.5477775096580564
0.21123930676754288
0.1366897048614167
-0.17002865726664573
-0.48526697389826595
-0.43201725825103254
-0.696135847861309
-0.5960263824445109
-0.37663755397791054
-0.585376439315064
-0.8473650402994508
-0.8452350516735617
-1.0113741644929286
-1.177513277312296
-1.1413034706721779
-1.0007242213634824
-1.0156341417447075
-1.2158530725783039
-1.2776227427290943
-1.22863300433364
-1.4373718896707939
-1.505531525699252
-1.5843411048571572
-1.5097915029510307
-1.2861426972326515
-1.249932890592533
-1.188163220441743
-1.3479123673834421
-1.3074425834915449
-1.243542924714865
-1.379862196771782
-1.4693217190591334
-1.38625216264945
-1.4948815825698054
-1.452281810052019
-1.4458918441743511
-1.4182019920377897
-1.5651712072241533
-1.5736911617277105
-1.505531525699252
-1.4884916166921374
-1.4501518214261298
-1.4331119124190153
-1.4352419010449042
-1.3585623105128886
-1.2733627654773156
-1.313832549369213
-1.518311457454588
-1.4714517076850229
-1.499141559821584
-3.5907903904449
